hx: [0.05, 0.025, 0.0125, 0.00625, 0.003125, 0.0015625, 0.00078125, 0.000390625, 0.0001953125, 9.765625e-05, 4.8828125e-05, 2.44140625e-05]

ht: [0.04000000000000001, 0.020000000000000004, 0.010000000000000002, 0.005000000000000001, 0.0025000000000000005, 0.0012500000000000002, 0.0006250000000000001, 0.00031250000000000006, 0.00015625000000000003, 7.812500000000002e-05, 3.906250000000001e-05, 1.9531250000000004e-05]

spaceError: [0.12180036379934996, 0.10076015630787513, 0.078853274781115687, 0.055690043750127913, 0.035331650319484501, 0.020465547010714864, 0.01112286303425618, 0.0058157634319265629, 0.0029761507227170176, 0.0015057842072552811, 0.00075740367150122368, 0.00037984057607525504]

temporalError: [0.14558613764965464, 0.11255097244131414, 0.079066995434234705, 0.05007772451598403, 0.029011610393493151, 0.015778084237868611, 0.0082537991267013049, 0.0042248181763497733, 0.0021377883192055624, 0.0010753551119332008, 0.00053930753923445813, 0.00027006312215365922]

maxError: [0.71647815527310277, 0.60966081743498335, 0.48165970403378322, 0.34487253632842119, 0.22133706082541627, 0.12900347586887673, 0.070279061059548731, 0.03677347846415957, 0.018822048185929585, 0.0095234211080661435, 0.0047902703451163653, 0.0024023336066885115]

globalError: [0.10004426199219747, 0.077443324862576282, 0.055783283303864208, 0.036708853630117583, 0.022078618846896603, 0.012347504353967829, 0.0065735541351764097, 0.0033984637132283614, 0.0017288473751443192, 0.00087205688250970275, 0.00043796670382784776, 0.0002194717576955842]