hx: [0.05, 0.025, 0.0125, 0.00625, 0.003125, 0.0015625, 0.00078125, 0.000390625, 0.0001953125, 9.765625e-05, 4.8828125e-05, 2.44140625e-05]

ht: [0.04000000000000001, 0.020000000000000004, 0.010000000000000002, 0.005000000000000001, 0.0025000000000000005, 0.0012500000000000002, 0.0006250000000000001, 0.00031250000000000006, 0.00015625000000000003, 7.812500000000002e-05, 3.906250000000001e-05, 1.9531250000000004e-05]

spaceError: [0.14554767614165151, 0.12182443827934708, 0.10443807817202523, 0.082876051587671501, 0.059568939521892621, 0.038453476455898451, 0.022577586115377333, 0.012379385438959932, 0.0065058256259033715, 0.0033384572635762949, 0.0016915144085822562, 0.00085144752968006909]

temporalError: [0.18224357307560185, 0.15032172850732631, 0.11794789963925285, 0.084404605065326432, 0.054442582031366149, 0.031989348997423388, 0.017556926226970918, 0.0092325287766281492, 0.004739047162866228, 0.002401462896860114, 0.0012088770343133238, 0.00060649532890085054]

maxError: [0.87690363722704878, 0.73132331536600992, 0.62887941975214878, 0.50417468456573078, 0.36764610577234635, 0.24037826067992674, 0.14217605943793044, 0.078189013584105571, 0.041131326261427237, 0.021112374422217584, 0.0106978858389013, 0.0053850179436234491]

globalError: [0.12809745475073625, 0.10165967203707373, 0.080271823774200723, 0.058956066491417873, 0.039537787330263786, 0.024166884844412231, 0.013673255887065411, 0.0073322147509098431, 0.0038062189510076898, 0.0019405109114811303, 0.0009799296920073718, 0.00049242590831845051]