hx: [0.05, 0.025, 0.0125, 0.00625, 0.003125, 0.0015625, 0.00078125, 0.000390625, 0.0001953125, 9.765625e-05, 4.8828125e-05, 2.44140625e-05]

ht: [0.04000000000000001, 0.020000000000000004, 0.010000000000000002, 0.005000000000000001, 0.0025000000000000005, 0.0012500000000000002, 0.0006250000000000001, 0.00031250000000000006, 0.00015625000000000003, 7.812500000000002e-05, 3.906250000000001e-05, 1.9531250000000004e-05]

spaceError: [0.14554767614165151, 0.12182443827934707, 0.10443807817202523, 0.082876051587671487, 0.059568939521892676, 0.038453476455898465, 0.022577586115377316, 0.012379385438959962, 0.0065058256259033385, 0.0033384572635762827, 0.0016915144085822003, 0.00085144752968004773]

temporalError: [0.18224357307560182, 0.15032172850732634, 0.11794789963925287, 0.084404605065326405, 0.054442582031366163, 0.031989348997423332, 0.017556926226970811, 0.0092325287766282585, 0.0047390471628662688, 0.0024014628968599956, 0.0012088770343129831, 0.00060649532890104786]

maxError: [0.87690363722704867, 0.73132331536600992, 0.62887941975214878, 0.50417468456573089, 0.36764610577234658, 0.24037826067992651, 0.1421760594379301, 0.07818901358410657, 0.041131326261426238, 0.021112374422216695, 0.010697885838901633, 0.005385017943623005]

globalError: [0.12809745475073625, 0.10165967203707373, 0.080271823774200723, 0.05895606649141788, 0.039537787330263821, 0.024166884844412238, 0.013673255887065396, 0.0073322147509098448, 0.0038062189510076898, 0.0019405109114811053, 0.00097992969200733776, 0.00049242590831844574]