hx: [0.05, 0.025, 0.0125, 0.00625]

ht: [0.04000000000000001, 0.020000000000000004, 0.010000000000000002, 0.005000000000000001]

spaceError: [0.11655273515109635, 0.087330076647700844, 0.04909259132713114, 0.016899132574764587]

temporalError: [0.13942532324331408, 0.095055588036689301, 0.042891839282987239, 0.012509652281792157]

maxError: [0.6096772561814412, 0.42216692793603905, 0.27349869964932305, 0.094821499316196045]

globalError: [0.094201948067765343, 0.064097616221000256, 0.031371243961403047, 0.0099862471305573793]