hx: [0.05, 0.025, 0.0125, 0.00625, 0.003125, 0.0015625, 0.00078125, 0.000390625, 0.0001953125, 9.765625e-05, 4.8828125e-05, 2.44140625e-05]

ht: [0.04000000000000001, 0.020000000000000004, 0.010000000000000002, 0.005000000000000001, 0.0025000000000000005, 0.0012500000000000002, 0.0006250000000000001, 0.00031250000000000006, 0.00015625000000000003, 7.812500000000002e-05, 3.906250000000001e-05, 1.9531250000000004e-05]

spaceError: [0.11655273515109642, 0.087330076647700913, 0.049092591327131237, 0.016899132574764903, 0.0044898796135980556, 0.0011330790920478333, 0.00028372742621940325, 7.0956414503966866e-05, 1.7740830093085113e-05, 4.4353616032398091e-06, 1.1088565268021099e-06, 2.7721597617867742e-07]

temporalError: [0.13942532324331414, 0.095055588036689412, 0.042891839282987405, 0.01250965228179246, 0.0031926666863616739, 0.00080170213537990634, 0.00020068364187770553, 5.0197337018510078e-05, 1.2552578952815164e-05, 3.1385674505877386e-06, 7.8469747564200336e-07, 1.9618164787650299e-07]

maxError: [0.6096772561814412, 0.42216692793603838, 0.27349869964932505, 0.094821499316201485, 0.024770957340836119, 0.0062104161737311925, 0.0015535205332941615, 0.00038832539459965343, 9.7078777029246943e-05, 2.4269424718004196e-05, 6.0673341322203811e-06, 1.5168329920989265e-06]

globalError: [0.09420194806776537, 0.064097616221000325, 0.031371243961403131, 0.0099862471305575684, 0.0026069522396994066, 0.00065550713172773858, 0.00016395819137350072, 4.0984603185853302e-05, 1.0244886830946015e-05, 2.5610329484287391e-06, 6.4023303447124064e-07, 1.6005501859615396e-07]